$ANSIBLE_VAULT;1.1;AES256
64376162373936636564343165653165666435373730393762646632396564303437663962666435
3034663439303833376365616561393861616133653461350a323137356565386438366565626235
30363135373039386563393266333032626364663835316237653033663162396463396434316238
3437373665326238620a623361383166323165373462653239663963343937393463643666623438
64316133326636326237653236643030393461363161346663393965376136336166636262656634
61353962613064336237633261663835393364353962643830623232353864663864326337343837
35316131383130633330373739363232633637353661396133663865656435313933313138633834
31383937306431626461326439613636623361363132636539396431336231386538373233333765
66306537633436393839303334343365613336326332336632646334643161646639653264313764
31613737653731633437316562633562343136633636306539666239643437643030653433666637
37363633336531353238303162386136623736666362326565383130336635663161363932623838
61636465353262373433363031343030356438653734623636396464636233343861366461653962
37643830383863303361313633656632323536653730393736353430653339653964613565316437
34643633336565653734373931353835326465653631363734666630663232396231616263343534
30653938316531363535656638326539323963373063663337366134633333303561363763666564
65336261316234613238616634393965323831633065336561306433633539323939333566313535
66616162633065393130303437366561326631383636343635326366366532333131626464653465
62633061636132323436313763363339316630333366303966393361336133336461366235366561
39323061616638313636626136353263363830376164333761346433666435653238626130373861
33336531353938653539
