$ANSIBLE_VAULT;1.1;AES256
37393766373536613031323433306133653537653838613233326537393037626565336564356364
3963656564666530613666643830303330616135336666340a626665393965643766396565613630
62346238633361326230303038396563393665656538656666346539376465373638633839666664
6166326436666238320a333238633335356238373264626135396635306230636439663939636364
34356231303932666134353663666536333834313565363362303866613439616361626636353235
63333833656265323364333637663738313266343732643134656464633161383435623838383962
63636630636533353330663063666438303636333132336431656232623566626264303838623734
30663466613032373765663639653865356466386566353834373564343338666432343966376161
61386539656138303262626631323634383764346231303039656337336538376664633632323535
34373333373966373762333137656465366565326638386532393161313063383232623964346634
62356338653861663363363836343433306630623539343833393230656363393962393031306563
38356264373463363863306331653735346632366235303761643162303463353164323138636664
34613939663732343232366234656634616161653662346561653332613936303263353632333332
39663235613236643963353032386539396662643865313964383031363561353331376366373534
36363833313433326365396232613766656237363136373230386535303936653033643161613637
32363861353837656234
