$ANSIBLE_VAULT;1.1;AES256
63306533636665356637376538653435303935306138366134373365393137353137616638333164
6639616130663061353230383565643632383663363166340a656261316237323863633131356564
65396637653932356434643661303163646539623839663961663363383738623031353932356339
3964623637643234300a313961383730313137643431323233303262653734613934373762306234
31623938393938663830333265633831396563383236326165643866343432366465333833353065
39613335396634653766633234346132313265306465636261313762333239396465353666633738
37343636663432306434313637363165343737353239663265666635643937336330333963323436
31313165323633333365333234313430363737613962373836643731323764396564353662653839
36383637303634313666313231366234393333313838366131626365663161323633643266323066
36323137626532303231323065393263316464376665383839383433633866336131376232323963
61323361616435643233616665343035306262386562613263323734343933396630343463383465
34383564306431383662306639346466373135626233326366303433636339356535646635386336
30616535373163366532353431663937343863646462373831303532616364626639336663376134
65626336656436306338323964653037303730306132316236363464326662326237386562633466
37303363616361326234643934613637373632333739636130623961393732326564316262316562
31646633386661343839316135623633353665383731353039656531316239613961346465613236
30326337653362353965633136373664313630323538613334393066653533633433366565383239
32363031343632633731666232343839313531393465393836333938656535663939326561633364
33626465633539663733643833323063646664386633306366386361653732616364613365656634
38303466613365363634343536646437323733316361303533306564353130333165356534353565
64376366633565396564303234353064356237373134386633643832336639323061646639623730
31656430353463306236636166316461333037303766333534623961323332386363393737333162
373634396238303864333961616233666337
