$ANSIBLE_VAULT;1.1;AES256
30656562643638653639643631353138346236303535616531343238663663353263386561346333
3064646461323632383564653563363863373163393435320a653939346635343361616230393265
34643461336362666262653933363061336164613764323839626638646565313834643733383761
6337663962623961630a393439663465386264373663313932326436333664356361643537613031
39636130613562316462626166346133393037336136343130613461396265366436663032393434
34663864663762373536636339653436613138653163666337363761356237343564346530383133
38306538393034396230383638326166666238633936613732303234383833373566343534396134
65626664323632663161646161393964653564356538393538396566316361386231656437343932
35616264616339633633623635383231633861363735336365653165623433346561333061353837
62393939333732316631356364343734623336643336643236653864653039303236326634326230
30636235633332633639613538643965613764633836353563326363343339383264653138383266
37333533383930643438616632653765636337333262643536613332376232616234393461646166
36656632626433336131343634626238316237353431353833366132616333386634333261316463
35623235306164616230373737623336636564306163663534346431633131396632656438396636
31306163393030373961633934303765666662336261356139643231303165333638633731333565
32666232363233323935316330333239303066386639303238323763373661623634336465633931
35646534643737643632636637613433306637353166396365333462303962346432363539643038
65653832373931613666633235356331303534653865346466353535366330623335323663393061
36323137646632373034353261333537643137633334623438343561393666383166343136373737
39366630323732663635306230303364633861666365343632646335393737623164633333386165
30663265326232653930613063363335646333623462646261666430323862303966323361313939
61386361353135663061656535666430386433336335383463636366363433616533373932626532
36363139663162366565643064343866363464643436653939393364613230343034333137623632
63643730306132333236313265656438396430346465393038613134663839636362353730646465
37356131626663333835303131313364663061326536373661386434636664323438356439313364
63643530383866613134643138623030613934353135373662656432376162633435626139613762
61366338323831623439333937646561363464396366396535653362393062353137343162663161
61306335396236366332
