$ANSIBLE_VAULT;1.1;AES256
36373533643635616364613939373664363861326531353832396430363861383064303933666461
3564643935316534386365656437323363616538643234620a666163313762656666326432383066
65666433373837316435663736383733323932353463643866326434633539386361643135643136
6437643937323030300a323564353139633734383636396637323638356161643830326531623533
65633063323861636365396662383538633962373537353831653431386539353464383339306262
64613831653435303764306565633231383462653137643339386162313137303466643464343333
36616566343138356265623765616134636534333137373138363539343630393165346565346364
63656562363638363164653061333065633933343834383162613331636666373232366666316337
64373464326434376437373938616135336233643665313530613837303732396537373731623266
64336466343438326635366566313933306536643538313065666138396364386338623836336337
33383661386434383466373135373265663337636136323465323864623632306532636334336131
38383164386435356264656532363066343239643764313136383332633562316262646165386266
31316337353863303265393237313564623631343965616164646432336162613466633833336438
38613064316436323661663831333163663465613462356634633831323864663261343834633133
38313565303366363262306262666439366434643231363562643261373033643337646663643335
32363466336330643866613137343661393836316264343939613533343433656136323663656136
36353235323030373039636238323539613434346166333835623630326336633531623336326264
66373062316131613962613436386237636137333334363336616466376466656133303634666235
33663932363130303366333632316561356163643062393336316165313865363661303962386435
64313938376235393035373535386232333765383262366335393566313766353938653932636338
38653732663939336166343634343665613832623633353163646339386666643966383234373565
66666662353366363365383436383838393763373930383039313562346535636263656464333935
65366166316337326363393630396561303762663231613530306230313631363338366436336363
31363733646633663962316435613535303534663236316539333437303636623836356166396261
35333438326264366234343335663234363234386331663963353033343266646361613064653764
34316133383166323662633830316231306535356136323031643863313064653932613332636432
35393339336632323665383033363531616665356363323362353862313834313939383130383934
35663565313964313838
