$ANSIBLE_VAULT;1.1;AES256
30393237626632633037623437376431353234336433396462346532623436386332613136356235
3862626431383132313333376338633565656236626134390a366337356437393238656330393162
62393037373964306563346462363963643031303536303061386333393737616431373462616661
3266396437663161630a613630353434386265336136393964643761323265333731613339613735
66396664383966376530343439636166633836373164376334643837653431346239653931653965
61306664663939336137386331616631373566633933646464383937373331393033653161333766
34666639393830336338663133333266353666343935356366626561306365313964323266386237
64623931383334623861373962373630303932643964663038666563363463613965383035653533
32366561633434616334393239653730623564383232386131353039663937393565626236346462
34363938383935316462636335316530323565323432346430376461656239333132616435396334
62643130623761363763386238366139613933663363333064656364623332613931636262343737
38323061323436646630383536333166383033386633323261386335356133646463636265336336
64646231656262323766313261666238623432336530346461383365323432636539323366626635
30643439373533306231653631333565353261643531373331313433623833623533356538353664
35653165373933636534316339313231653336333530666138613131363834653630653565373637
30396138656462303130373937623334653134343266626435383264623635313661356565613163
35663238653335663630303430373431656530386234373630643265333864366636626562626239
35653337306535333863303562353138336461376131373839366666626339663064663661656464
32333435343538323562303766326333383633383365616131376437393833346431393765626232
33393266303933376661333630626238626131366462376436353831333632353366313966316136
66646364666363656163343134353033373730396464346666306563656434653432633561393533
64346135333933383132633732346335393431643235613830346562656236653166373331363462
37366336303064616335396366326539626533303663393765343434343262393334373763636266
36346233353931616437666130383935393939363236616637373866626233363336326465323137
36353365306265333331336663663166633430623363613365393065626132306435
